110101
110102
110105
110106
110107
110108
110109
110111
110112
110113
110114
110115
110116
110117
120101
120102
120103
120104
120105
120106
120110
120111
120112
120113
120114
120115
120116
120117
130102
130104
130105
130107
130108
130109
130110
130111
130121
130123
130124
130125
130126
130127
130128
130129
130130
130131
130132
130133
130181
130182
130183
130184
130202
130203
130204
130205
130207
130208
130209
130223
130224
130225
130227
130229
130281
130283
130302
130303
130304
130306
130321
130322
130323
130324
130398
130402
130403
130404
130406
130407
130408
130421
130423
130424
130425
130426
130427
130428
130429
130430
130431
130432
130433
130434
130435
130481
130502
130503
130521
130522
130523
130524
130525
130526
130527
130528
130529
130530
130531
130532
130533
130534
130535
130581
130582
130602
130603
130604
130606
130607
130608
130609
130623
130624
130626
130627
130628
130629
130630
130631
130632
130633
130634
130635
130636
130637
130638
130681
130682
130683
130684
130702
130703
130705
130706
130708
130709
130722
130723
130724
130725
130726
130727
130728
130729
130730
130731
130732
130802
130803
130804
130821
130822
130823
130824
130825
130826
130827
130828
130902
130903
130921
130922
130923
130924
130925
130926
130927
130928
130929
130930
130981
130982
130983
130984
131002
131003
131022
131023
131024
131025
131026
131028
131081
131082
131102
131103
131121
131122
131123
131124
131125
131126
131127
131128
131181
131182