110101199003072537
220202199202154814
320303198712013817
130402199105086712
44050119940610562X
540602198512304814
650703198307082638
150804199709154212
45090119900826441X
230102198912302517
341103199501014617
35020319850609321X
130204199404012618
420303199305282417
510404199105074617
62050519840725391X
330606199001013219
220707199109012618
53080819860512341X
340909199302124618
610101198812083216
32020219930610181X
440303199203024812
130404199608204417
420505198507054217
510606199402183818
62070719891025291X
150808198804123418
320101199012074619
230202199508243414
340303199406143517
350404199101284612
13050519960814381X
420606198812063219
510707199303252417
620808198904254118
140909198701093817
43010119950215361X
220202199306184212
32030319900506291X
130404198911153518
440505199305244517
540606198809073814
650707199312254812
150808199509022617
450909198903083214
230101199406012718
340202199104193218
350303198511094417
130404199703123814
42050519900114341X
510606198806282319
620707198709193518
33080819851208321X
220101199210164218
530202198810143518
340303199608192417
610404198703253419
32050519930528261X
440606199006023814
13070719910708361X
420808198604153212
510909199312273417
620101198711013518
15020219851008251X
320303199506103218
230404199305232414
340505199102174417
350606198708273212
130707199203192618
420808199111173419
510909198409033618
620101199602243517
14020219870719411X
430303199008012718
220404199202234518
32050519870102321X
130606199408184712
440707198511243214
540808199306133814
650909198911062518
150101199204233218
45020219860922341X
230303198709062617
340404199409063519
350505198801034218
130606199505113617
42070719920308281X
510808198604253414
62090919901204351X
330101198811193518
220202199504224418
530303198807273214
34040419931209291X
610505198602103619
320606199102243218
44070719851101361X
130808199103054712
420909199212203218
510101198712013218