460001234567890
460001234567891
460001234567892
460001234567893
460001234567894
460001234567895
460001234567896
460001234567897
460001234567898
460001234567899
460011234567890
460011234567891
460011234567892
460011234567893
460011234567894
460011234567895
460011234567896
460011234567897
460011234567898
460011234567899
460021234567890
460021234567891
460021234567892
460021234567893
460021234567894
460021234567895
460021234567896
460021234567897
460021234567898
460021234567899
460031234567890
460031234567891
460031234567892
460031234567893
460031234567894
460031234567895
460031234567896
460031234567897
460031234567898
460031234567899
460051234567890
460051234567891
460051234567892
460051234567893
460051234567894
460051234567895
460051234567896
460051234567897
460051234567898
460051234567899
460061234567890
460061234567891
460061234567892
460061234567893
460061234567894
460061234567895
460061234567896
460061234567897
460061234567898
460061234567899
460071234567890
460071234567891
460071234567892
460071234567893
460071234567894
460071234567895
460071234567896
460071234567897
460071234567898
460071234567899
460081234567890
460081234567891
460081234567892
460081234567893
460081234567894
460081234567895
460081234567896
460081234567897
460081234567898
460081234567899
460091234567890
460091234567891
460091234567892
460091234567893
460091234567894
460091234567895
460091234567896
460091234567897
460091234567898
460091234567899
460101234567890
460101234567891
460101234567892
460101234567893
460101234567894
460101234567895
460101234567896
460101234567897
460101234567898
460101234567899