39.904200
31.230416
23.129110
22.543096
30.572815
29.563009
34.341568
36.061089
32.060255
31.298886
30.274085
41.805698
45.803775
22.816870
28.228209
34.746600
28.682892
36.067082
30.659462
31.820586
30.274084
29.866316
32.393159
31.861190
32.041546
31.835410
30.592849
29.708472
30.130663
30.044420
26.074508
25.044332
20.044002
22.198745
23.353500
25.274215
24.479834
26.647003
27.729258
29.650000
30.670000
31.120000
32.210000
33.280000
34.360000
35.450000
36.540000
37.620000
38.710000
39.800000
40.890000
41.980000
42.070000
43.160000
44.250000
45.340000
46.430000
47.520000
48.610000
49.700000
50.790000
51.880000
52.970000
54.060000
55.150000
56.240000
57.330000
58.420000
59.510000
60.600000
61.690000
62.780000
63.870000
64.960000
66.050000
67.140000
68.230000
69.320000
70.410000
71.500000
72.590000
73.680000
74.770000
75.860000
76.950000
78.040000
79.130000
80.220000
81.310000
82.400000
83.490000
84.580000
85.670000
86.760000
87.850000
88.940000