113.123456
116.397128
121.473701
114.057868
104.066541
106.551556
108.939770
117.200983
118.796877
120.155070
121.565170
123.431470
126.642380
114.305393
112.938814
113.625368
115.858197
119.296494
120.382640
121.614682
120.619585
120.585316
119.412966
118.089425
117.283042
116.984084
117.227219
115.480656
114.502461
113.264385
112.549248
111.670801
110.345217
109.840405
108.320004
107.620000
106.230909
105.834160
104.815619
103.819073
102.832891
101.778228
100.803038
99.649186
98.496292
97.334862
96.202533
95.134922
94.166000
93.516000
92.060000
91.120000
90.190000
89.120000
88.090000
87.020000
86.030000
85.010000
84.020000
83.010000
82.000000
81.020000
80.010000
79.020000
78.010000
77.020000
76.010000
75.020000
74.010000
73.020000
72.010000
71.020000
70.010000
69.020000
68.010000
67.020000
66.010000
65.020000
64.010000
63.020000
62.010000
61.020000
60.010000
59.020000
58.010000
57.020000
56.010000
55.020000
54.010000
53.020000
52.010000
51.020000
50.010000
49.020000
48.010000
47.020000
46.010000
45.020000
44.010000
43.020000