13001842759
13072619384
13095364872
13112973546
13138452098
13156708421
13184295736
13203576948
13221854730
13258932617
13276410958
13302789645
13325941706
13357132980
13374805261
13401678394
13425390178
13458127609
13470954283
13501789264
13529463107
13551208493
13573846125
13602597184
13624819037
13653087261
13679524380
13701285693
13725649318
13758320147
13781956023
13802974581
13824613705
13857092638
13879340152
13901687325
13923450819
13956712496
13978305241
14502698137
14528317059
14557932648
14570289153
14601573829
14623950176
14657829304
14679106253
14702458139
14726109385
14750832691
14779251408
14803792651
14825410397
14856972014
14873205869
14901764395
14928531072
14950987421
14976325804
15001789263
15026943108
15052496731
15078125390
15102897465
15127530194
15150468271
15173295086
15201879453
15226341709
15259708321
15274619258
15302795834
15329461708
15351820396
15370294617
15401863592
15423590187
15452786340
15479102583
15501842765
15526193847
15553648720
15572973541
15608452096
15626708423
15654295738
15673576941
15701854739
15725932610
15756410952
15772789647
15805941703
15827132986
15854805261
15871678390
15905390174
15928127603
15950954286
15977892641
16002946318
16024208495
16051846127
16073087269
16105649312
16128320145
16151956027
16172974583
16204613709
16227092631
16259340158
16271687320
16303450816
16328712491
16353305247
16375941783
16402698135
16428317052
16457932640
16470289157
16501573826
16523950171
16557829309
16579106254
16602458136
16626109381
16650832697
16679251403
16703792658
16725410391
16756972016
16773205864
16801764399
16828531075
16850987421
16876325804
16901789269
16926943104
16952496730
16978125395
17002897461
17027530198
17050468276
17073295081
17101879458
17126341700
17159708327
17174619253
17202795839
17229461705
17251820391
17270294618
17301863594
17323590180
17352786347
17379102582
17401842761
17426193845
17453648729
17472973540
17508452094
17526708427
17554295731
17573576948
17601854732
17625932617
17656410950
17672789643
17705941706
17727132981
17754805269
17771678394
17805390178
17828127605
17850954281
17877892649
17902946315
17924208490
17951846123
17973087265
18005649317
18028320149
18051956023
18072974580
18104613701
18127092634
18159340157
18171687329
18203450812
18228712495
18253305240
18275941786
18302698131
18328317057
18357932648
18370289150
18401573827
18423950173
18457829301
18479106256
18502458134
18526109387
18550832690
18579251406
18603792651
18625410398
18656972013
18673205869
18701764392
18728531074
18750987421
18776325806
18801789264
18826943107
18852496730
18878125391
18902897466
18927530197
18950468273
18973295080
19001879451
19026341708
19059708321
19074619257
19102795830
19129461705
19151820394
19170294619
19201863597
19223590182
19252786345
19279102580
19301842763
19326193849
19353648721
19372973546
19408452097
19426708420
19454295735
19473576942
19501854737
19525932614
19556410958
19572789641
19605941708
19627132985
19654805267
19671678392
19705390176
19728127601
19750954289
19777892644
19802946310
19824208497
19851846125
19873087260
19905649319
19928320142
19951956028
19972974586
13002648975
13028715349
13059126783
13073490218
13106754921
13129830164
13152697843
13174582306
13201759482
13226308157
13258492710
13270965324
13302817459
13325903672
13357184296
13374692013
13401975846
13426380291
13450796432
13472158907
13501842793
13526915380
13557082641
13573491276
13602987503
13625410897
13651726349
13678059124
13702394681
13725617098
13759203845
13771854260
13803471956
13829058214
13851236970
13874501863
13902167398
13925840179
13950972346
13971638920
14502784931
14527051869
14551630724
14579245108
14603817962
14620594237
14658370196
14672095843
14701583279
14726190542
14759238160
14770462791
14801725384
14829601735
14850196427
14873280591
14901857263
14926903418
14952371805
14974690217
15001872943
15026341089
15059728630
15071693275
15102987541
15125301967
15150426839
15179812705
15203679428
15225108394
15257094236
15271238950
15304567182
15326903471
15357829604
15373410259
15402789516
15426413087
15459052734
15471689423
15501792685
15528134076
15559246318
15570519234
15603987542
15627203916
15651874209
15674396810
15702159487
15725680391
15759246710
15771830264
15803471598
15829062413
15851289730
15874560189
15902917364
15925384071
15951092645
15978625394
16002138950
16028754261
16053910728
16079524317
16101278604
16126390582
16150842913
16172617039
16201759386
16225348021
16257069148
16273425907
16301896475
16326370129
16350982754
16372159803
16401782396
16425630184
16458479210
16470953672
16502317845
16529601278
16551287904
16574526389
16601839472
16625708134
16652419067
16678352190
16701678925
16725093481
16751726093
16774598207
16802147638
16828705912
16851234890
16875310276
16902679413
16925841039
16951702896
16974591320
17002386471
17025019784
17053742019
17079658320
17102148753
17128730642
17151962870
17174503918
17201935762
17228460195
17253928410
17275617038
17302954861
17325810249
17351943076
17378462501
17402987135
17425109382
17458647903
17471235896
17502796410
17524560389
17550918274
17572675413
17601839720
17625048169
17657293041
17671986534
17702157890
17726403917
17758126435
17770958263
17803419702
17826308459
17851275946
17874890123
17902651738
17925830491
17951297604
17974562839
18003285910
18027941362
18051673095
18074529813
18103296470
18127810534
18152496807
18175031926
18203764589
18229102374
18251687943
18273420591
18301895367
18326701425
18359247108
18372916530
18401783954
18428650129
18453927401
18470195862
18502316497
18527089153
18551243789
18574960231
18601582706
18623849170
18659271053
18672934601
18701568237
18725019764
18753482095
18779231408
18802754916
18828016392
18851237940
18879526801
18901645729
18927301854
18953476102
18970925387
19002315896
19027041283
19051792640
19074650821
19102389156
19127045823
19159236470
19171580297
19203964712
19225308194
19257410268
19270896351
19301752846
19329041387
19352187053
19375609421
19401876952
19429530174
19452168739
19474059268
19501874362
19527390154
19550428691
19576135082
19602794530
19624980176
19650327491
19671258039
19701964723
19725890164
19751726830
19770594321
19803176549
19827209136
19851048275
19876925341
19902381745
19927065492
19951248307
19973509126