100000
100001
100002
100003
100004
100005
100006
100007
100008
100009
100010
100011
100012
100013
100014
100015
100016
100017
100018
100019
200000
200001
200002
200003
200004
200005
200006
200007
200008
200009
200010
200011
200012
200013
200014
200015
200016
200017
200018
200019
300000
300001
300002
300003
300004
300005
300006
300007
300008
300009
300010
300011
300012
300013
300014
300015
300016
300017
300018
300019
400000
400001
400002
400003
400004
400005
400006
400007
400008
400009
400010
400011
400012
400013
400014
400015
400016
400017
400018
400019
500000
500001
500002
500003
500004
500005
500006
500007
500008
500009
500010
500011
500012
500013
500014
500015
500016
500017
500018
500019
510000
510001
510002
510003
510004
510005
510006
510007
510008
510009
510010
510011
510012
510013
510014
510015
510016
510017
510018
510019
520000
520001
520002
520003
520004
520005
520006
520007
520008
520009
520010
520011
520012
520013
520014
520015
520016
520017
520018
520019
530000
530001
530002
530003
530004
530005
530006
530007
530008
530009
530010
530011
530012
530013
530014
530015
530016
530017
530018
530019
540000
540001
540002
540003
540004
540005
540006
540007
540008
540009
540010
540011
540012
540013
540014
540015
540016
540017
540018
540019