8986001234567890123
8986012345678901234
8986023456789012345
8986034567890123456
8986045678901234567
8986056789012345678
8986067890123456789
8986078901234567890
8986089012345678901
8986090123456789012
8986101234567890123
8986112345678901234
8986123456789012345
8986134567890123456
8986145678901234567
8986156789012345678
8986167890123456789
8986178901234567890
8986189012345678901
8986190123456789012
8986201234567890123
8986212345678901234
8986223456789012345
8986234567890123456
8986245678901234567
8986256789012345678
8986267890123456789
8986278901234567890
8986289012345678901
8986290123456789012
8986301234567890123
8986312345678901234
8986323456789012345
8986334567890123456
8986345678901234567
8986356789012345678
8986367890123456789
8986378901234567890
8986389012345678901
8986390123456789012
8986401234567890123
8986412345678901234
8986423456789012345
8986434567890123456
8986445678901234567
8986456789012345678
8986467890123456789
8986478901234567890
8986489012345678901
8986490123456789012
8986501234567890123
8986512345678901234
8986523456789012345
8986534567890123456
8986545678901234567
8986556789012345678
8986567890123456789
8986578901234567890
8986589012345678901
8986590123456789012
8986601234567890123
8986612345678901234
8986623456789012345
8986634567890123456
8986645678901234567
8986656789012345678
8986667890123456789
8986678901234567890
8986689012345678901
8986690123456789012
8986701234567890123
8986712345678901234
8986723456789012345
8986734567890123456
8986745678901234567
8986756789012345678
8986767890123456789
8986778901234567890
8986789012345678901
8986790123456789012
8986801234567890123
8986812345678901234
8986823456789012345
8986834567890123456
8986845678901234567
8986856789012345678
8986867890123456789
8986878901234567890
8986889012345678901
8986890123456789012
8986901234567890123
8986912345678901234
8986923456789012345
8986934567890123456
8986945678901234567
8986956789012345678
8986967890123456789
8986978901234567890
8986989012345678901
8986990123456789012