110101001
110101002
110101003
110101004
110101005
110101006
110101007
110101008
110101009
110101010
110101011
110101012
110101013
110101014
110101015
110101016
110101017
110101018
110101019
110101020
110102001
110102002
110102003
110102004
110102005
110102006
110102007
110102008
110102009
110102010
110102011
110102012
110102013
110102014
110102015
110102016
110102017
110102018
110102019
110102020
110105001
110105002
110105003
110105004
110105005
110105006
110105007
110105008
110105009
110105010
110105011
110105012
110105013
110105014
110105015
110105016
110105017
110105018
110105019
110105020
110106001
110106002
110106003
110106004
110106005
110106006
110106007
110106008
110106009
110106010
110106011
110106012
110106013
110106014
110106015
110106016
110106017
110106018
110106019
110106020
110107001
110107002
110107003
110107004
110107005
110107006
110107007
110107008
110107009
110107010
110107011
110107012
110107013
110107014
110107015
110107016
110107017
110107018
110107019
110107020
110108001
110108002
110108003
110108004
110108005
110108006
110108007
110108008
110108009
110108010
110108011
110108012
110108013
110108014
110108015
110108016
110108017
110108018
110108019
110108020
120101001
120101002
120101003
120101004
120101005
120101006
120101007
120101008
120101009
120101010
120101011
120101012
120101013
120101014
120101015
120101016
120101017
120101018
120101019
120101020
120102001
120102002
120102003
120102004
120102005
120102006
120102007
120102008
120102009
120102010
120102011
120102012
120102013
120102014
120102015
120102016
120102017
120102018
120102019
120102020
120103001
120103002
120103003
120103004
120103005
120103006
120103007
120103008
120103009
120103010
120103011
120103012
120103013
120103014
120103015
120103016
120103017
120103018
120103019
120103020
120104001
120104002
120104003
120104004
120104005
120104006
120104007
120104008
120104009
120104010
120104011
120104012
120104013
120104014
120104015
120104016
120104017
120104018
120104019
120104020
130102001
130102002
130102003
130102004
130102005
130102006
130102007
130102008
130102009
130102010
130102011
130102012
130102013
130102014
130102015
130102016
130102017
130102018
130102019
130102020
130103001
130103002
130103003
130103004
130103005
130103006
130103007
130103008
130103009
130103010
130103011
130103012
130103013
130103014
130103015
130103016
130103017
130103018
130103019
130103020
130104001
130104002
130104003
130104004
130104005
130104006
130104007
130104008
130104009
130104010
130104011
130104012
130104013
130104014
130104015
130104016
130104017
130104018
130104019
130104020
130105001
130105002
130105003
130105004
130105005
130105006
130105007
130105008
130105009
130105010
130105011
130105012
130105013
130105014
130105015
130105016
130105017
130105018
130105019
130105020
130106001
130106002
130106003
130106004
130106005
130106006
130106007
130106008
130106009
130106010
130106011
130106012
130106013
130106014
130106015
130106016
130106017
130106018
130106019
130106020
130107001
130107002
130107003
130107004
130107005
130107006
130107007
130107008
130107009
130107010
130107011
130107012
130107013
130107014
130107015
130107016
130107017
130107018
130107019
130107020
130108001
130108002
130108003
130108004
130108005
130108006
130108007
130108008
130108009
130108010
130108011
130108012
130108013
130108014
130108015
130108016
130108017
130108018
130108019
130108020